# Мы рассматриваем только транзитивные мутации без естественного отбора с темпами мутаций r_tc := 0.18; r_ct := 0.09; r_ag := 0.05; r_ga := 0.6 и с симметричным исходным наборов кодонов равным 100 (т.е. стартуем со 100 кодонов типа AAA + 100 кодонов ААG и т.д.). В пределе получаются следующие асимпоты:
TTT = 29.62962962;
TTC = 59.25925928;
TTA = 82.05128208;
TTG = 6.837606840;
TCT = 59.25925928;
TCC = 118.5185185;
TCA = 164.1025641;
TCG = 13.67521368;
TAT = 82.05128208;
TAC = 164.1025641;
TAA = 227.2189352;
TAG = 18.93491127;
TGT = 6.837606840;
TGC = 13.67521368;
TGA = 18.93491127;
TGG = 1.577909271;
CTT = 59.25925928;
CTC = 118.5185185;
CTA = 164.1025641;
CTG = 13.67521368;
CCT = 118.5185185;
CCC = 237.0370371;
CCA = 328.2051283;
CCG = 27.35042736;
CAT = 164.1025641;
CAC = 328.2051283;
CAA = 454.4378704;
CAG = 37.86982254;
CGT = 13.67521368;
CGC = 27.35042736;
CGA = 37.86982254;
CGG = 3.155818544;
ATT = 82.05128208;
ATC = 164.1025641;
ATA = 227.2189351;
ATG = 18.93491127;
ACT = 164.1025641;
ACC = 328.2051282;
ACA = 454.4378702;
ACG = 37.86982249;
AAT = 227.2189351;
AAC = 454.4378702;
AAA = 629.2216664;
AAG = 52.43513888;
AGT = 18.93491127;
AGC = 37.86982249;
AGA = 52.43513888;
AGG = 4.369594906;
GTT = 6.837606840;
GTC = 13.67521368;
GTA = 18.93491127;
GTG = 1.577909271;
GCT = 13.67521368;
GCC = 27.35042736;
GCA = 37.86982249;
GCG = 3.155818544;
GAT = 18.93491127;
GAC = 37.86982249;
GAA = 52.43513888;
GAG = 4.369594906;
GGT = 1.577909271;
GGC = 3.155818542;
GGA = 4.369594906;
GGG = 0.3641329087;
